10 0,39 
510 2,68 
1010 1,61 
1510 3,26 
2010 1,82 
2510 2,72 
3010 3,66 
3510 4,67 
4010 6,00 
4510 7,93 
5010 9,25 
5510 11,48 
6010 14,72 
6510 17,49 
7010 22,19 
7510 26,88 
8010 32,28 
8510 38,73 
9010 45,73 
9510 52,80 
10010 60,86 
10510 69,52 
11010 77,76 
11510 88,56 
12010 97,69 
12510 108,83 
13010 117,89 
13510 131,17 
14010 142,08 
14510 153,20 
15010 166,54 
15510 179,05 
16010 192,24 
16510 213,91 
17010 220,62 
17510 235,79 
18010 254,91 
18510 275,23 
19010 289,90 
19510 311,16 
20010 331,32 
20510 339,85 
21010 360,31 
21510 377,46 
22010 397,63 
22510 413,53 
23010 437,03 
23510 463,90 
24010 488,76 
24510 501,76 
25010 528,24 
25510 553,24 
26010 579,29 
26510 602,87 
27010 623,72 
27510 644,41 
28010 674,68 
28510 700,40 
29010 724,36 
29510 757,57 
30010 783,88 
30510 809,15 
31010 837,12 
31510 903,48 
32010 922,08 
32510 923,83 
33010 969,82 
33510 987,29 
34010 1059,27 
34510 1100,57 
35010 1493,94 
35510 1200,71 
36010 1155,03 
36510 1194,92 
37010 1232,23 
37510 1260,54 
38010 1297,60 
38510 1336,92 
39010 1371,81 
39510 1407,79 
40010 1448,02 
40510 1520,06 
41010 1752,45 
41510 1613,56 
42010 1604,15 
42510 1650,50 
43010 1709,85 
43510 1896,65 
44010 2030,58 
44510 1812,51 
45010 1889,93 
45510 1932,57 
46010 1978,94 
46510 1993,97 
47010 2039,29 
47510 2084,57 
48010 2128,62 
48510 2231,94 
49010 2593,39 
49510 2263,85 
