10 0,30 
510 1,27 
1010 0,66 
1510 1,38 
2010 0,87 
2510 3,85 
3010 0,55 
3510 0,75 
4010 0,93 
4510 1,14 
5010 1,40 
5510 1,71 
6010 2,02 
6510 2,31 
7010 2,70 
7510 2,96 
8010 3,36 
8510 3,92 
9010 4,19 
9510 4,92 
10010 5,30 
10510 5,65 
11010 6,27 
11510 7,04 
12010 7,40 
12510 8,04 
13010 8,80 
13510 9,45 
14010 10,15 
14510 10,95 
15010 11,74 
15510 12,71 
16010 13,39 
16510 14,01 
17010 15,19 
17510 15,72 
18010 16,84 
18510 17,66 
19010 18,91 
19510 19,63 
20010 20,67 
20510 22,08 
21010 23,09 
21510 23,76 
22010 25,26 
22510 26,39 
23010 26,99 
23510 28,59 
24010 29,92 
24510 30,85 
25010 32,22 
25510 33,53 
26010 34,99 
26510 36,12 
27010 37,89 
27510 39,09 
28010 40,15 
28510 41,69 
29010 43,07 
29510 44,36 
30010 46,49 
30510 48,22 
31010 49,89 
31510 51,08 
32010 52,95 
32510 54,17 
33010 56,10 
33510 58,65 
34010 59,96 
34510 61,76 
35010 62,93 
35510 65,70 
36010 67,73 
36510 68,96 
37010 74,57 
37510 76,40 
38010 77,32 
38510 99,32 
39010 83,29 
39510 85,74 
40010 88,70 
40510 90,70 
41010 93,72 
41510 94,90 
42010 98,20 
42510 98,56 
43010 99,72 
43510 100,82 
44010 103,16 
44510 105,96 
45010 107,28 
45510 114,62 
46010 113,33 
46510 116,69 
47010 117,53 
47510 121,44 
48010 123,78 
48510 125,57 
49010 128,76 
49510 132,25 
