10 0,37 
510 0,28 
1010 0,11 
1510 0,17 
2010 0,22 
2510 0,29 
3010 0,36 
3510 0,41 
4010 0,49 
4510 0,50 
5010 0,37 
5510 0,40 
6010 0,44 
6510 0,50 
7010 0,53 
7510 0,56 
8010 0,59 
8510 0,60 
9010 0,63 
9510 0,68 
10010 0,71 
10510 0,73 
11010 1,00 
11510 0,80 
12010 0,82 
12510 0,88 
13010 0,90 
13510 0,95 
14010 0,99 
14510 0,99 
15010 1,03 
15510 1,07 
16010 1,11 
16510 1,15 
17010 1,19 
17510 1,18 
18010 1,25 
18510 1,25 
19010 1,28 
19510 1,30 
20010 1,34 
20510 1,40 
21010 1,42 
21510 1,44 
22010 1,51 
22510 1,58 
23010 1,58 
23510 1,65 
24010 1,71 
24510 1,64 
25010 1,74 
25510 1,73 
26010 1,83 
26510 1,84 
27010 1,89 
27510 1,93 
28010 1,91 
28510 2,00 
29010 2,24 
29510 2,29 
30010 2,18 
30510 2,17 
31010 2,19 
31510 2,32 
32010 2,41 
32510 2,26 
33010 2,43 
33510 2,44 
34010 2,47 
34510 2,97 
35010 3,02 
35510 2,65 
36010 2,55 
36510 2,60 
37010 2,72 
37510 2,76 
38010 2,76 
38510 2,86 
39010 3,06 
39510 2,99 
40010 2,85 
40510 2,92 
41010 2,89 
41510 2,98 
42010 3,23 
42510 3,08 
43010 3,10 
43510 3,15 
44010 3,24 
44510 3,18 
45010 3,29 
45510 3,27 
46010 3,42 
46510 3,40 
47010 3,38 
47510 3,47 
48010 3,52 
48510 3,54 
49010 3,56 
49510 3,73 
