10 0,32 
510 0,30 
1010 0,12 
1510 0,20 
2010 0,21 
2510 0,24 
3010 0,32 
3510 0,37 
4010 0,28 
4510 0,25 
5010 0,28 
5510 0,31 
6010 0,33 
6510 0,39 
7010 0,39 
7510 0,38 
8010 0,41 
8510 0,46 
9010 0,46 
9510 0,48 
10010 0,51 
10510 0,54 
11010 0,56 
11510 0,57 
12010 0,61 
12510 0,64 
13010 0,67 
13510 0,69 
14010 0,67 
14510 0,70 
15010 0,71 
15510 0,76 
16010 0,77 
16510 0,83 
17010 0,86 
17510 0,95 
18010 0,97 
18510 0,97 
19010 0,94 
19510 0,97 
20010 0,97 
20510 1,01 
21010 1,06 
21510 1,06 
22010 1,07 
22510 1,11 
23010 1,16 
23510 1,20 
24010 1,18 
24510 1,22 
25010 1,23 
25510 1,23 
26010 1,27 
26510 1,33 
27010 1,34 
27510 1,33 
28010 1,38 
28510 1,40 
29010 1,45 
29510 1,48 
30010 1,53 
30510 1,50 
31010 1,56 
31510 1,55 
32010 1,64 
32510 1,68 
33010 1,69 
33510 1,69 
34010 1,67 
34510 1,76 
35010 1,83 
35510 1,83 
36010 1,90 
36510 1,83 
37010 1,84 
37510 1,88 
38010 1,89 
38510 1,90 
39010 1,98 
39510 2,10 
40010 2,01 
40510 2,14 
41010 2,09 
41510 2,13 
42010 2,16 
42510 2,16 
43010 2,18 
43510 2,35 
44010 2,26 
44510 2,24 
45010 2,34 
45510 2,44 
46010 2,38 
46510 2,44 
47010 2,47 
47510 2,51 
48010 2,51 
48510 2,52 
49010 2,47 
49510 2,64 
